1.395,1.325,1.771,1.728,1.861,1.439,1.241,2.404,1.213,1.205,1.172,1.400,1.357,1.509,1.277,1.437,
1.390,1.328,1.773,1.730,1.871,1.444,1.241,2.395,1.210,1.200,1.173,1.408,1.356,1.508,1.278,1.438,
1.396,1.330,1.768,1.726,1.860,1.441,1.241,2.396,1.208,1.203,1.171,1.402,1.354,1.503,1.278,1.431,
1.397,1.331,1.772,1.726,1.863,1.444,1.244,2.396,1.211,1.201,1.173,1.398,1.358,1.509,1.286,1.432,
1.397,1.330,1.766,1.729,1.863,1.440,1.242,2.395,1.203,1.211,1.176,1.402,1.358,1.509,1.282,1.432,
1.392,1.327,1.772,1.730,1.861,1.437,1.242,2.391,1.211,1.201,1.178,1.399,1.357,1.509,1.278,1.430,
1.393,1.334,1.768,1.737,1.867,1.433,1.242,2.402,1.209,1.201,1.174,1.402,1.354,1.503,1.277,1.435,
1.401,1.324,1.770,1.726,1.863,1.442,1.241,2.402,1.210,1.206,1.173,1.407,1.355,1.508,1.279,1.436,
1.394,1.325,1.772,1.728,1.863,1.439,1.245,2.396,1.216,1.210,1.174,1.403,1.354,1.504,1.277,1.428,
1.396,1.329,1.768,1.728,1.863,1.436,1.241,2.396,1.201,1.203,1.176,1.397,1.355,1.510,1.277,1.427,
1.400,1.332,1.768,1.728,1.867,1.439,1.241,2.396,1.222,1.201,1.173,1.397,1.357,1.502,1.278,1.435,
1.397,1.324,1.768,1.728,1.866,1.434,1.245,2.399,1.202,1.203,1.176,1.401,1.357,1.504,1.277,1.438,
1.400,1.328,1.766,1.727,1.863,1.444,1.246,2.398,1.203,1.201,1.171,1.403,1.353,1.505,1.277,1.436,
1.400,1.325,1.770,1.730,1.863,1.438,1.241,2.396,1.222,1.203,1.174,1.402,1.357,1.502,1.278,1.436,
1.396,1.329,1.766,1.727,1.864,1.438,1.244,2.402,1.207,1.202,1.176,1.401,1.353,1.510,1.278,1.437,
1.399,1.327,1.771,1.726,1.863,1.438,1.241,2.399,1.211,1.199,1.176,1.400,1.357,1.502,1.280,1.437,
1.399,1.325,1.767,1.728,1.863,1.440,1.240,2.406,1.206,1.200,1.173,1.397,1.353,1.510,1.281,1.427,
1.395,1.325,1.766,1.727,1.863,1.439,1.242,2.399,1.203,1.202,1.172,1.402,1.354,1.503,1.278,1.430,
1.401,1.325,1.770,1.728,1.863,1.444,1.241,2.397,1.211,1.202,1.176,1.404,1.355,1.502,1.279,1.434,
1.401,1.325,1.765,1.730,1.861,1.440,1.244,2.396,1.203,1.202,1.173,1.398,1.355,1.504,1.278,1.438,
1.396,1.327,1.767,1.730,1.864,1.438,1.246,2.398,1.207,1.203,1.170,1.405,1.355,1.509,1.279,1.436,
1.397,1.325,1.768,1.730,1.864,1.440,1.245,2.396,1.203,1.205,1.173,1.402,1.350,1.508,1.278,1.433,
1.399,1.324,1.766,1.728,1.872,1.440,1.251,2.398,1.210,1.202,1.171,1.403,1.353,1.502,1.278,1.431,
1.393,1.330,1.764,1.729,1.864,1.444,1.244,2.395,1.201,1.200,1.173,1.399,1.354,1.502,1.279,1.438,
1.398,1.325,1.768,1.727,1.863,1.440,1.245,2.396,1.207,1.203,1.173,1.398,1.358,1.505,1.279,1.429,
1.401,1.329,1.770,1.727,1.861,1.435,1.242,2.399,1.220,1.211,1.174,1.402,1.360,1.513,1.278,1.438,
1.402,1.328,1.767,1.729,1.863,1.439,1.242,2.398,1.207,1.205,1.171,1.406,1.353,1.506,1.282,1.437,
1.402,1.325,1.768,1.731,1.863,1.444,1.241,2.407,1.220,1.203,1.174,1.405,1.353,1.506,1.278,1.432,
1.390,1.330,1.765,1.727,1.866,1.434,1.242,2.398,1.202,1.203,1.174,1.402,1.357,1.506,1.281,1.430,
1.402,1.326,1.768,1.727,1.863,1.440,1.245,2.397,1.206,1.201,1.174,1.399,1.357,1.505,1.285,1.431,
1.399,1.325,1.767,1.731,1.863,1.435,1.242,2.399,1.203,1.202,1.175,1.405,1.355,1.506,1.282,1.437,
1.394,1.325,1.768,1.730,1.863,1.440,1.244,2.398,1.224,1.202,1.174,1.402,1.354,1.510,1.277,1.435,
1.398,1.326,1.768,1.729,1.869,1.440,1.244,2.399,1.207,1.201,1.173,1.402,1.361,1.504,1.278,1.436,
1.398,1.326,1.767,1.730,1.865,1.440,1.241,2.398,1.202,1.203,1.173,1.402,1.356,1.510,1.278,1.430,
1.402,1.326,1.768,1.730,1.862,1.439,1.241,2.399,1.202,1.201,1.173,1.404,1.356,1.510,1.278,1.436,
1.396,1.334,1.766,1.730,1.867,1.437,1.241,2.407,1.203,1.201,1.171,1.399,1.354,1.508,1.279,1.430,
1.395,1.332,1.767,1.730,1.865,1.444,1.243,2.399,1.203,1.202,1.171,1.403,1.360,1.513,1.278,1.443,
1.397,1.327,1.768,1.732,1.863,1.437,1.244,2.399,1.203,1.202,1.173,1.406,1.356,1.505,1.282,1.432,
1.397,1.331,1.771,1.729,1.864,1.442,1.246,2.400,1.205,1.202,1.174,1.402,1.358,1.508,1.280,1.437,
1.397,1.324,1.768,1.728,1.864,1.440,1.243,2.399,1.206,1.207,1.174,1.399,1.355,1.510,1.278,1.437,
1.396,1.329,1.770,1.728,1.863,1.435,1.244,2.403,1.203,1.202,1.175,1.404,1.357,1.509,1.278,1.433,
1.398,1.329,1.768,1.730,1.865,1.431,1.244,2.408,1.211,1.203,1.173,1.403,1.358,1.506,1.278,1.436,
1.402,1.324,1.768,1.728,1.863,1.440,1.247,2.399,1.203,1.202,1.173,1.398,1.354,1.510,1.278,1.436,
1.401,1.325,1.769,1.728,1.864,1.440,1.243,2.395,1.208,1.203,1.173,1.402,1.358,1.505,1.277,1.438,
1.394,1.329,1.769,1.732,1.860,1.439,1.244,2.400,1.207,1.208,1.174,1.403,1.357,1.506,1.279,1.438,
1.399,1.328,1.768,1.729,1.865,1.437,1.246,2.398,1.223,1.205,1.173,1.405,1.360,1.513,1.278,1.429,
1.401,1.325,1.767,1.727,1.864,1.438,1.245,2.398,1.213,1.201,1.175,1.403,1.355,1.505,1.278,1.436,
1.400,1.324,1.771,1.729,1.863,1.438,1.242,2.400,1.207,1.206,1.173,1.405,1.357,1.499,1.278,1.436,
1.397,1.324,1.768,1.730,1.864,1.442,1.245,2.398,1.206,1.203,1.175,1.400,1.356,1.510,1.278,1.431,
1.396,1.324,1.772,1.731,1.863,1.444,1.242,2.400,1.214,1.205,1.170,1.402,1.357,1.510,1.282,1.439,
1.394,1.325,1.768,1.729,1.863,1.439,1.242,2.399,1.212,1.211,1.170,1.400,1.357,1.511,1.278,1.436,
1.401,1.328,1.769,1.728,1.861,1.440,1.245,2.411,1.218,1.207,1.178,1.398,1.361,1.508,1.280,1.438,
1.399,1.326,1.768,1.729,1.864,1.440,1.244,2.399,1.206,1.203,1.174,1.403,1.354,1.513,1.278,1.442,
1.401,1.326,1.767,1.730,1.863,1.440,1.245,2.399,1.214,1.208,1.171,1.399,1.355,1.509,1.278,1.431,
1.394,1.324,1.769,1.728,1.865,1.440,1.244,2.413,1.203,1.203,1.175,1.396,1.352,1.506,1.279,1.436,
1.396,1.328,1.767,1.728,1.863,1.437,1.244,2.399,1.206,1.202,1.173,1.407,1.357,1.509,1.280,1.432,
1.396,1.325,1.769,1.727,1.865,1.440,1.244,2.399,1.211,1.202,1.174,1.404,1.353,1.510,1.279,1.432,
1.392,1.327,1.768,1.730,1.864,1.441,1.241,2.399,1.221,1.201,1.174,1.398,1.354,1.511,1.281,1.431,
1.398,1.329,1.772,1.732,1.863,1.440,1.248,2.399,1.220,1.202,1.174,1.403,1.357,1.502,1.284,1.431,
1.399,1.325,1.769,1.731,1.864,1.440,1.244,2.401,1.202,1.202,1.180,1.398,1.361,1.502,1.274,1.433,
1.395,1.325,1.768,1.728,1.863,1.440,1.247,2.399,1.214,1.203,1.174,1.402,1.355,1.504,1.281,1.438,
1.398,1.328,1.776,1.729,1.868,1.444,1.245,2.400,1.211,1.202,1.173,1.403,1.353,1.509,1.281,1.435,
1.398,1.325,1.768,1.727,1.863,1.444,1.247,2.399,1.203,1.207,1.173,1.402,1.357,1.505,1.282,1.439,
1.398,1.324,1.769,1.729,1.861,1.442,1.245,2.398,1.211,1.203,1.174,1.398,1.354,1.502,1.278,1.437,
1.401,1.328,1.769,1.727,1.864,1.440,1.246,2.399,1.216,1.203,1.174,1.398,1.357,1.510,1.280,1.433,
1.402,1.323,1.764,1.727,1.867,1.436,1.244,2.399,1.228,1.203,1.174,1.405,1.357,1.513,1.278,1.432,
1.392,1.324,1.769,1.727,1.863,1.440,1.244,2.399,1.203,1.202,1.173,1.402,1.358,1.503,1.278,1.440,
1.402,1.326,1.772,1.727,1.861,1.438,1.244,2.399,1.220,1.201,1.177,1.403,1.354,1.504,1.278,1.439,
1.397,1.324,1.769,1.729,1.865,1.444,1.244,2.400,1.207,1.201,1.174,1.404,1.352,1.502,1.275,1.435,
1.397,1.324,1.768,1.726,1.865,1.436,1.244,2.399,1.203,1.203,1.174,1.395,1.357,1.510,1.278,1.440,
1.399,1.327,1.770,1.727,1.866,1.436,1.244,2.395,1.207,1.206,1.174,1.399,1.355,1.510,1.278,1.431,
1.402,1.324,1.772,1.726,1.865,1.438,1.242,2.399,1.200,1.203,1.174,1.396,1.357,1.505,1.278,1.437,
1.397,1.327,1.775,1.726,1.866,1.440,1.245,2.399,1.218,1.203,1.173,1.402,1.354,1.502,1.280,1.436,
1.397,1.330,1.768,1.727,1.864,1.444,1.245,2.399,1.202,1.203,1.173,1.402,1.360,1.503,1.275,1.437,
1.394,1.324,1.768,1.735,1.862,1.438,1.242,2.401,1.211,1.201,1.171,1.402,1.358,1.506,1.278,1.435,
1.400,1.330,1.769,1.727,1.864,1.440,1.244,2.399,1.211,1.206,1.178,1.399,1.361,1.512,1.279,1.437,
1.397,1.324,1.770,1.727,1.869,1.440,1.246,2.395,1.218,1.199,1.176,1.401,1.357,1.510,1.278,1.437,
1.396,1.324,1.768,1.730,1.864,1.444,1.242,2.406,1.206,1.206,1.175,1.400,1.354,1.506,1.277,1.433,
1.395,1.324,1.769,1.726,1.864,1.440,1.242,2.401,1.203,1.203,1.174,1.397,1.360,1.510,1.277,1.440,
1.395,1.324,1.770,1.727,1.869,1.438,1.245,2.399,1.203,1.202,1.171,1.402,1.353,1.511,1.278,1.438,
1.398,1.325,1.771,1.728,1.865,1.438,1.246,2.399,1.206,1.206,1.178,1.403,1.355,1.503,1.278,1.440,
1.394,1.329,1.768,1.724,1.865,1.440,1.244,2.396,1.204,1.200,1.171,1.398,1.355,1.508,1.278,1.431,
1.394,1.328,1.773,1.727,1.866,1.444,1.242,2.399,1.213,1.206,1.173,1.400,1.357,1.504,1.278,1.437,
1.399,1.324,1.769,1.726,1.863,1.440,1.243,2.414,1.203,1.200,1.174,1.403,1.354,1.512,1.279,1.433,
1.399,1.326,1.768,1.726,1.863,1.433,1.242,2.399,1.214,1.201,1.173,1.402,1.358,1.510,1.284,1.438,
1.401,1.324,1.767,1.726,1.864,1.438,1.242,2.403,1.203,1.203,1.174,1.398,1.362,1.510,1.286,1.433,
1.398,1.325,1.769,1.727,1.864,1.444,1.244,2.401,1.222,1.203,1.173,1.398,1.354,1.506,1.278,1.438,
1.395,1.329,1.769,1.725,1.866,1.438,1.242,2.398,1.202,1.202,1.174,1.401,1.354,1.502,1.284,1.433,
1.396,1.324,1.768,1.724,1.872,1.439,1.244,2.401,1.211,1.203,1.174,1.400,1.355,1.504,1.280,1.435,
1.401,1.329,1.767,1.724,1.864,1.440,1.244,2.399,1.212,1.203,1.171,1.404,1.357,1.506,1.278,1.431,
1.398,1.328,1.770,1.727,1.864,1.441,1.244,2.395,1.205,1.202,1.173,1.407,1.352,1.508,1.279,1.433,
1.394,1.323,1.768,1.729,1.867,1.440,1.242,2.400,1.207,1.206,1.170,1.398,1.357,1.510,1.282,1.431,
1.398,1.324,1.771,1.723,1.863,1.439,1.245,2.401,1.211,1.206,1.174,1.404,1.352,1.503,1.279,1.433,
1.396,1.326,1.768,1.723,1.866,1.440,1.247,2.399,1.203,1.202,1.173,1.400,1.357,1.516,1.279,1.436,
1.394,1.324,1.768,1.724,1.866,1.440,1.245,2.406,1.222,1.203,1.174,1.402,1.356,1.513,1.278,1.439,
1.396,1.325,1.768,1.724,1.864,1.438,1.244,2.394,1.203,1.202,1.174,1.401,1.363,1.504,1.281,1.432,
1.392,1.327,1.769,1.725,1.864,1.436,1.244,2.400,1.205,1.203,1.174,1.405,1.357,1.509,1.279,1.435,
1.394,1.329,1.772,1.722,1.866,1.444,1.242,2.401,1.207,1.202,1.178,1.398,1.362,1.509,1.278,1.437,
1.395,1.325,1.769,1.730,1.870,1.440,1.245,2.399,1.212,1.205,1.175,1.405,1.355,1.512,1.279,1.431,
1.401,1.323,1.771,1.722,1.870,1.438,1.245,2.399,1.203,1.200,1.183,1.404,1.356,1.506,1.284,1.431,
